Best Kaggle 73.3%, validation with 3 trees 16.2% test error same...
Id,Category
1,0
2,0
3,0
4,0
5,0
6,0
7,0
8,0
9,1
10,0
11,0
12,0
13,0
14,0
15,0
16,1
17,0
18,0
19,0
20,0
21,0
22,0
23,0
24,1
25,0
26,1
27,1
28,1
29,0
30,0
31,0
32,0
33,1
34,0
35,1
36,1
37,0
38,0
39,0
40,0
41,0
42,1
43,1
44,0
45,1
46,0
47,0
48,1
49,0
50,0
51,0
52,0
53,0
54,0
55,0
56,0
57,0
58,1
59,1
60,0
61,0
62,0
63,0
64,0
65,0
66,0
67,0
68,0
69,1
70,0
71,0
72,1
73,0
74,0
75,1
76,0
77,1
78,1
79,0
80,1
81,0
82,1
83,1
84,0
85,1
86,0
87,0
88,0
89,0
90,0
91,1
92,1
93,0
94,1
95,0
96,0
97,1
98,1
99,0
100,1
101,0
102,0
103,0
104,0
105,0
106,0
107,1
108,1
109,0
110,0
111,0
112,0
113,0
114,0
115,0
116,0
117,0
118,0
119,0
120,0
121,0
122,0
123,0
124,0
125,1
126,1
127,1
128,1
129,0
130,0
131,0
132,0
133,0
134,1
135,0
136,1
137,0
138,0
139,0
140,0
141,0
142,0
143,0
144,0
145,0
146,0
147,0
148,1
149,0
150,0
151,0
152,1
153,0
154,1
155,0
156,1
157,0
158,0
159,0
160,0
161,0
162,1
163,1
164,1
165,0
166,1
167,0
168,1
169,1
170,0
171,1
172,1
173,0
174,0
175,0
176,0
177,0
178,0
179,0
180,0
181,0
182,0
183,0
184,0
185,1
186,1
187,0
188,0
189,0
190,0
191,0
192,0
193,0
194,0
195,0
196,1
197,0
198,0
199,0
200,1
201,0
202,1
203,0
204,0
205,1
206,0
207,0
208,0
209,0
210,0
211,1
212,0
213,0
214,1
215,1
216,1
217,0
218,0
219,0
220,0
221,1
222,1
223,1
224,1
225,0
226,1
227,0
228,0
229,1
230,1
231,0
232,1
233,1
234,0
235,0
236,0
237,0
238,1
239,1
240,0
241,1
242,0
243,0
244,0
245,0
246,1
247,0
248,1
249,0
250,1
251,0
252,0
253,0
254,0
255,0
256,0
257,1
258,0
259,1
260,0
261,1
262,0
263,0
264,0
265,0
266,1
267,0
268,0
269,1
270,0
271,0
272,0
273,1
274,1
275,1
276,0
277,0
278,1
279,0
280,1
281,0
282,0
283,0
284,0
285,0
286,0
287,0
288,1
289,1
290,0
291,0
292,0
293,1
294,1
295,0
296,0
297,0
298,0
299,1
300,1
301,0
302,0
303,0
304,0
305,1
306,1
307,1
308,0
309,0
310,0
311,1
312,1
313,1
314,1
315,0
316,1
317,0
318,0
319,0
320,0
321,0
322,0
323,0
324,1
325,0
326,0
327,1
328,0
329,1
330,1
331,1
332,0
333,0
334,0
335,1
336,0
337,1
338,0
339,0
340,0
341,1
342,0
343,0
344,1
345,1
346,0
347,1
348,0
349,0
350,0
351,0
352,1
353,1
354,0
355,1
356,0
357,0
358,0
359,1
360,0
361,0
362,1
363,0
364,0
365,0
366,0
367,0
368,1
369,0
370,1
371,1
372,1
373,1
374,0
375,0
376,0
377,1
378,0
379,1
380,0
381,0
382,0
383,1
384,0
385,1
386,1
387,0
388,0
389,0
390,0
391,0
392,0
393,0
394,0
395,0
396,1
397,1
398,0
399,1
400,0
401,0
402,0
403,0
404,1
405,0
406,0
407,0
408,1
409,1
410,0
411,1
412,1
413,0
414,0
415,0
416,1
417,0
418,1
419,0
420,0
421,0
422,0
423,1
424,0
425,0
426,0
427,1
428,0
429,0
430,0
431,1
432,0
433,0
434,0
435,0
436,1
437,1
438,0
439,0
440,1
441,1
442,0
443,0
444,1
445,1
446,1
447,1
448,1
449,1
450,0
451,0
452,0
453,0
454,0
455,0
456,1
457,1
458,0
459,0
460,1
461,0
462,0
463,0
464,0
465,0
466,1
467,1
468,0
469,0
470,0
471,1
472,0
473,0
474,0
475,0
476,0
477,1
478,0
479,0
480,0
481,0
482,1
483,0
484,0
485,1
486,0
487,1
488,0
489,0
490,1
491,0
492,1
493,0
494,0
495,1
496,1
497,0
498,0
499,0
500,0
501,0
502,0
503,1
504,1
505,0
506,0
507,0
508,0
509,0
510,1
511,0
512,0
513,0
514,0
515,0
516,0
517,0
518,1
519,0
520,0
521,1
522,0
523,0
524,0
525,0
526,1
527,0
528,0
529,0
530,0
531,1
532,0
533,0
534,1
535,0
536,0
537,0
538,0
539,0
540,0
541,1
542,1
543,0
544,1
545,0
546,1
547,1
548,1
549,1
550,0
551,0
552,0
553,0
554,0
555,0
556,0
557,0
558,0
559,0
560,0
561,0
562,0
563,0
564,0
565,0
566,0
567,0
568,0
569,0
570,0
571,0
572,0
573,0
574,0
575,0
576,0
577,0
578,0
579,0
580,0
581,1
582,0
583,0
584,1
585,0
586,0
587,1
588,0
589,1
590,1
591,0
592,0
593,0
594,1
595,1
596,0
597,0
598,1
599,1
600,0
601,0
602,0
603,0
604,1
605,0
606,0
607,0
608,1
609,0
610,0
611,1
612,1
613,0
614,1
615,0
616,0
617,0
618,0
619,1
620,0
621,0
622,1
623,1
624,0
625,0
626,1
627,0
628,0
629,0
630,0
631,0
632,0
633,0
634,0
635,0
636,0
637,0
638,0
639,1
640,1
641,1
642,0
643,1
644,0
645,0
646,1
647,0
648,0
649,0
650,0
651,0
652,0
653,0
654,1
655,0
656,0
657,0
658,1
659,0
660,0
661,0
662,1
663,0
664,0
665,0
666,0
667,0
668,0
669,0
670,1
671,1
672,0
673,0
674,0
675,0
676,0
677,1
678,0
679,0
680,0
681,0
682,0
683,0
684,0
685,0
686,0
687,0
688,1
689,1
690,1
691,0
692,1
693,0
694,0
695,1
696,0
697,0
698,1
699,1
700,0
701,1
702,0
703,0
704,1
705,1
706,1
707,1
708,0
709,1
710,0
711,0
712,1
713,0
714,0
715,0
716,0
717,1
718,0
719,1
720,0
721,0
722,0
723,0
724,0
725,1
726,0
727,0
728,0
729,0
730,1
731,0
732,0
733,0
734,0
735,0
736,0
737,1
738,0
739,1
740,1
741,0
742,1
743,0
744,0
745,1
746,0
747,1
748,0
749,0
750,1
751,0
752,0
753,0
754,0
755,0
756,0
757,0
758,1
759,0
760,0
761,0
762,1
763,0
764,0
765,1
766,0
767,0
768,0
769,0
770,0
771,1
772,0
773,0
774,1
775,1
776,0
777,0
778,0
779,0
780,0
781,1
782,1
783,0
784,0
785,0
786,0
787,0
788,1
789,0
790,1
791,0
792,0
793,0
794,0
795,0
796,0
797,0
798,1
799,0
800,0
801,0
802,0
803,1
804,0
805,0
806,0
807,1
808,0
809,1
810,0
811,1
812,0
813,0
814,0
815,1
816,1
817,1
818,1
819,0
820,0
821,0
822,1
823,1
824,0
825,1
826,0
827,1
828,1
829,1
830,0
831,0
832,1
833,1
834,0
835,0
836,1
837,0
838,0
839,1
840,0
841,0
842,0
843,0
844,1
845,0
846,0
847,1
848,0
849,1
850,0
851,0
852,1
853,0
854,0
855,0
856,0
857,1
858,0
859,1
860,1
861,0
862,0
863,1
864,0
865,1
866,1
867,0
868,0
869,1
870,0
871,0
872,0
873,0
874,0
875,1
876,0
877,0
878,1
879,0
880,0
881,0
882,0
883,0
884,0
885,0
886,0
887,0
888,0
889,0
890,0
891,1
892,0
893,0
894,1
895,0
896,0
897,0
898,0
899,0
900,0
901,0
902,0
903,0
904,1
905,0
906,1
907,0
908,0
909,0
910,0
911,0
912,1
913,0
914,1
915,1
916,0
917,1
918,1
919,0
920,0
921,1
922,1
923,1
924,1
925,1
926,0
927,0
928,1
929,0
930,0
931,0
932,0
933,1
934,0
935,0
936,0
937,0
938,1
939,0
940,0
941,1
942,1
943,0
944,0
945,0
946,0
947,1
948,1
949,0
950,0
951,0
952,0
953,1
954,0
955,0
956,0
957,0
958,1
959,0
960,1
961,1
962,1
963,0
964,0
965,0
966,0
967,0
968,0
969,1
970,1
971,0
972,0
973,0
974,0
975,0
976,0
977,0
978,0
979,0
980,0
981,1
982,1
983,0
984,1
985,1
986,0
987,0
988,0
989,1
990,1
991,0
992,0
993,1
994,0
995,1
996,0
997,0
998,1
999,0
1000,0
1001,0
1002,0
1003,0
1004,0
1005,0
1006,0
1007,0
1008,0
1009,1
1010,1
1011,1
1012,0
1013,0
1014,0
1015,0
1016,1
1017,0
1018,0
1019,0
1020,0
1021,1
1022,1
1023,0
1024,1
1025,0
1026,1
1027,1
1028,0
1029,0
1030,1
1031,0
1032,0
1033,0
1034,0
1035,0
1036,0
1037,0
1038,1
1039,0
1040,0
1041,0
1042,0
1043,0
1044,1
1045,0
1046,0
1047,0
1048,0
1049,0
1050,0
1051,1
1052,0
1053,1
1054,0
1055,0
1056,1
1057,0
1058,1
1059,0
1060,0
1061,1
1062,1
1063,1
1064,0
1065,1
1066,0
1067,0
1068,0
1069,1
1070,0
1071,0
1072,0
1073,0
1074,0
1075,1
1076,1
1077,1
1078,0
1079,0
1080,0
1081,1
1082,0
1083,0
1084,1
1085,0
1086,0
1087,0
1088,0
1089,0
1090,0
1091,0
1092,0
1093,1
1094,0
1095,0
1096,0
1097,1
1098,0
1099,1
1100,1
1101,0
1102,1
1103,0
1104,0
1105,1
1106,0
1107,0
1108,0
1109,1
1110,1
1111,0
1112,1
1113,0
1114,0
1115,0
1116,1
1117,1
1118,0
1119,1
1120,1
1121,1
1122,1
1123,0
1124,0
1125,0
1126,1
1127,0
1128,1
1129,0
1130,0
1131,0
1132,0
1133,1
1134,0
1135,1
1136,0
1137,0
1138,0
1139,1
1140,1
1141,0
1142,0
1143,0
1144,0
1145,0
1146,0
1147,1
1148,0
1149,1
1150,1
1151,0
1152,0
1153,0
1154,1
1155,0
1156,1
1157,0
1158,0
1159,0
1160,0
1161,0
1162,1
1163,0
1164,1
1165,0
1166,1
1167,0
1168,1
1169,0
1170,0
1171,0
1172,1
1173,1
1174,0
1175,1
1176,0
1177,1
1178,0
1179,1
1180,1
1181,1
1182,0
1183,1
1184,0
1185,1
1186,0
1187,0
1188,1
1189,0
1190,0
1191,0
1192,0
1193,0
1194,0
1195,0
1196,1
1197,0
1198,1
1199,1
1200,0
1201,0
1202,1
1203,0
1204,0
1205,0
1206,1
1207,0
1208,0
1209,1
1210,0
1211,0
1212,0
1213,0
1214,0
1215,1
1216,1
1217,0
1218,0
1219,1
1220,0
1221,1
1222,0
1223,0
1224,0
1225,0
1226,0
1227,0
1228,0
1229,1
1230,0
1231,0
1232,0
1233,0
1234,0
1235,1
1236,0
1237,0
1238,1
1239,0
1240,0
1241,1
1242,0
1243,0
1244,1
1245,0
1246,1
1247,1
1248,0
1249,0
1250,1
1251,1
1252,0
1253,1
1254,1
1255,0
1256,0
1257,1
1258,0
1259,0
1260,0
1261,0
1262,1
1263,0
1264,0
1265,1
1266,1
1267,1
1268,1
1269,0
1270,0
1271,0
1272,0
1273,1
1274,0
1275,1
1276,0
1277,0
1278,0
1279,0
1280,0
1281,0
1282,1
1283,0
1284,0
1285,1
1286,0
1287,0
1288,0
1289,0
1290,0
1291,1
1292,0
1293,0
1294,0
1295,0
1296,0
1297,1
1298,0
1299,0
1300,1
1301,0
1302,0
1303,0
1304,1
1305,0
1306,1
1307,0
1308,0
1309,0
1310,0
1311,0
1312,0
1313,0
1314,0
1315,1
1316,1
1317,0
1318,0
1319,0
1320,1
1321,1
1322,0
1323,1
1324,0
1325,1
1326,1
1327,1
1328,0
1329,0
1330,0
1331,0
1332,0
1333,1
1334,1
1335,0
1336,1
1337,0
1338,0
1339,0
1340,0
1341,0
1342,0
1343,1
1344,1
1345,0
1346,1
1347,1
1348,0
1349,0
1350,0
1351,0
1352,1
1353,1
1354,0
1355,0
1356,0
1357,0
1358,0
1359,0
1360,0
1361,1
1362,0
1363,1
1364,1
1365,0
1366,0
1367,1
1368,0
1369,0
1370,1
1371,1
1372,1
1373,0
1374,1
1375,0
1376,0
1377,0
1378,1
1379,0
1380,0
1381,0
1382,1
1383,0
1384,0
1385,1
1386,0
1387,1
1388,0
1389,0
1390,0
1391,0
1392,0
1393,0
1394,0
1395,0
1396,0
1397,1
1398,0
1399,0
1400,0
1401,0
1402,0
1403,0
1404,0
1405,0
1406,0
1407,0
1408,0
1409,0
1410,0
1411,0
1412,1
1413,0
1414,0
1415,0
1416,0
1417,0
1418,0
1419,0
1420,1
1421,0
1422,1
1423,0
1424,0
1425,1
1426,1
1427,1
1428,0
1429,1
1430,0
1431,0
1432,0
1433,0
1434,0
1435,0
1436,1
1437,1
1438,1
1439,1
1440,1
1441,0
1442,1
1443,0
1444,0
1445,0
1446,0
1447,0
1448,0
1449,0
1450,1
1451,0
1452,1
1453,0
1454,0
1455,0
1456,0
1457,0
1458,0
1459,0
1460,0
1461,0
1462,0
1463,1
1464,1
1465,0
1466,0
1467,1
1468,1
1469,0
1470,0
1471,0
1472,0
1473,0
1474,0
1475,1
1476,1
1477,0
1478,1
1479,0
1480,0
1481,0
1482,0
1483,0
1484,0
1485,0
1486,1
1487,1
1488,1
1489,0
1490,1
1491,0
1492,0
1493,0
1494,0
1495,0
1496,0
1497,0
1498,1
1499,0
1500,0
1501,0
1502,0
1503,0
1504,0
1505,0
1506,0
1507,0
1508,1
1509,1
1510,0
1511,0
1512,0
1513,0
1514,0
1515,0
1516,0
1517,1
1518,0
1519,1
1520,0
1521,0
1522,1
1523,0
1524,0
1525,0
1526,0
1527,0
1528,0
1529,1
1530,1
1531,0
1532,0
1533,0
1534,0
1535,0
1536,0
1537,1
1538,0
1539,0
1540,0
1541,0
1542,1
1543,0
1544,0
1545,0
1546,0
1547,0
1548,0
1549,0
1550,0
1551,0
1552,0
1553,1
1554,0
1555,1
1556,1
1557,0
1558,1
1559,0
1560,1
1561,0
1562,0
1563,0
1564,0
1565,1
1566,0
1567,0
1568,0
1569,0
1570,1
1571,0
1572,0
1573,0
1574,0
1575,0
1576,1
1577,0
1578,0
1579,1
1580,0
1581,0
1582,1
1583,1
1584,0
1585,0
1586,1
1587,0
1588,1
1589,1
1590,0
1591,0
1592,1
1593,0
1594,1
1595,1
1596,0
1597,0
1598,0
1599,0
1600,0
1601,1
1602,0
1603,1
1604,0
1605,1
1606,1
1607,0
1608,1
1609,1
1610,0
1611,1
1612,0
1613,1
1614,0
1615,0
1616,0
1617,0
1618,1
1619,0
1620,1
1621,0
1622,1
1623,0
1624,0
1625,0
1626,0
1627,1
1628,0
1629,0
1630,0
1631,1
1632,0
1633,0
1634,0
1635,0
1636,0
1637,0
1638,1
1639,1
1640,0
1641,0
1642,0
1643,1
1644,1
1645,1
1646,0
1647,1
1648,0
1649,0
1650,0
1651,0
1652,0
1653,0
1654,1
1655,0
1656,0
1657,0
1658,0
1659,0
1660,0
1661,1
1662,1
1663,0
1664,0
1665,0
1666,0
1667,0
1668,0
1669,0
1670,0
1671,0
1672,0
1673,1
1674,0
1675,0
1676,1
1677,0
1678,1
1679,1
1680,1
1681,0
1682,0
1683,0
1684,0
1685,0
1686,1
1687,0
1688,1
1689,0
1690,0
1691,1
1692,1
1693,0
1694,0
1695,0
1696,0
1697,0
1698,1
1699,0
1700,1
1701,0
1702,1
1703,0
1704,1
1705,0
1706,0
1707,0
1708,0
1709,1
1710,1
1711,0
1712,0
1713,0
1714,1
1715,0
1716,1
1717,0
1718,1
1719,1
1720,0
1721,0
1722,0
1723,1
1724,0
1725,0
1726,0
1727,0
1728,0
1729,0
1730,0
1731,1
1732,0
1733,1
1734,0
1735,1
1736,0
1737,0
1738,1
1739,1
1740,0
1741,0
1742,0
1743,0
1744,0
1745,0
1746,0
1747,0
1748,1
1749,0
1750,0
1751,1
1752,1
1753,0
1754,0
1755,0
1756,0
1757,0
1758,0
1759,0
1760,1
1761,1
1762,0
1763,1
1764,0
1765,0
1766,0
1767,0
1768,1
1769,0
1770,0
1771,1
1772,0
1773,0
1774,0
1775,1
1776,0
1777,0
1778,0
1779,0
1780,0
1781,0
1782,1
1783,0
1784,0
1785,0
1786,0
1787,0
1788,1
1789,0
1790,0
1791,0
1792,0
1793,0
1794,0
1795,1
1796,0
1797,0
1798,1
1799,0
1800,0
1801,0
1802,0
1803,0
1804,0
1805,0
1806,0
1807,0
1808,1
1809,0
1810,0
1811,0
1812,1
1813,0
1814,0
1815,1
1816,0
1817,1
1818,0
1819,1
1820,0
1821,0
1822,1
1823,0
1824,1
1825,0
1826,0
1827,0
1828,0
1829,0
1830,0
1831,0
1832,0
1833,0
1834,0
1835,1
1836,0
1837,1
1838,0
1839,0
1840,0
1841,0
1842,0
1843,0
1844,0
1845,0
1846,0
1847,0
1848,0
1849,1
1850,1
1851,0
1852,0
1853,0
1854,0
1855,0
1856,0
1857,0
1858,0
1859,0
1860,0
1861,0
1862,0
1863,1
1864,0
1865,0
1866,1
1867,0
1868,0
1869,0
1870,0
1871,0
1872,0
1873,0
1874,0
1875,1
1876,0
1877,0
1878,0
1879,1
1880,0
1881,0
1882,1
1883,1
1884,0
1885,1
1886,0
1887,0
1888,0
1889,0
1890,1
1891,0
1892,0
1893,0
1894,0
1895,0
1896,0
1897,0
1898,1
1899,0
1900,0
1901,0
1902,0
1903,0
1904,0
1905,0
1906,1
1907,0
1908,0
1909,0
1910,1
1911,0
1912,0
1913,0
1914,0
1915,0
1916,0
1917,1
1918,1
1919,1
1920,0
1921,1
1922,0
1923,1
1924,0
1925,1
1926,0
1927,0
1928,0
1929,1
1930,1
1931,0
1932,0
1933,0
1934,1
1935,1
1936,1
1937,1
1938,0
1939,1
1940,1
1941,1
1942,0
1943,0
1944,1
1945,1
1946,0
1947,0
1948,0
1949,0
1950,0
1951,0
1952,0
1953,0
1954,0
1955,0
1956,0
1957,0
1958,0
1959,0
1960,0
1961,1
1962,0
1963,1
1964,0
1965,0
1966,0
1967,0
1968,0
1969,1
1970,0
1971,1
1972,0
1973,0
1974,1
1975,0
1976,0
1977,0
1978,0
1979,0
1980,0
1981,1
1982,1
1983,0
1984,1
1985,0
1986,0
1987,0
1988,0
1989,1
1990,1
1991,0
1992,1
1993,0
1994,0
1995,0
1996,0
1997,1
1998,1
1999,0
2000,1
2001,0
2002,0
2003,0
2004,0
2005,0
2006,0
2007,1
2008,0
2009,1
2010,0
2011,0
2012,0
2013,0
2014,1
2015,0
2016,0
2017,1
2018,0
2019,1
2020,1
2021,0
2022,1
2023,0
2024,0
2025,1
2026,0
2027,1
2028,0
2029,1
2030,1
2031,0
2032,0
2033,0
2034,1
2035,0
2036,1
2037,0
2038,0
2039,0
2040,0
2041,1
2042,0
2043,0
2044,1
2045,0
2046,0
2047,1
2048,0
2049,0
2050,0
2051,1
2052,0
2053,0
2054,0
2055,0
2056,1
2057,1
2058,1
2059,1
2060,0
2061,1
2062,1
2063,1
2064,0
2065,0
2066,1
2067,0
2068,1
2069,0
2070,0
2071,0
2072,0
2073,0
2074,0
2075,0
2076,0
2077,1
2078,0
2079,0
2080,0
2081,1
2082,0
2083,0
2084,0
2085,0
2086,1
2087,0
2088,0
2089,1
2090,1
2091,1
2092,0
2093,0
2094,1
2095,0
2096,1
2097,1
2098,0
2099,0
2100,1
2101,1
2102,1
2103,1
2104,0
2105,1
2106,0
2107,0
2108,1
2109,1
2110,0
2111,0
2112,0
2113,1
2114,0
2115,1
2116,1
2117,0
2118,0
2119,0
2120,1
2121,0
2122,0
2123,0
2124,0
2125,0
2126,0
2127,1
2128,0
2129,1
2130,1
2131,0
2132,1
2133,0
2134,0
2135,1
2136,0
2137,0
2138,0
2139,0
2140,0
2141,0
2142,1
2143,0
2144,0
2145,0
2146,0
2147,0
2148,0
2149,0
2150,0
2151,0
2152,0
2153,0
2154,1
2155,0
2156,0
2157,0
2158,1
2159,1
2160,0
2161,1
2162,0
2163,1
2164,0
2165,0
2166,0
2167,0
2168,0
2169,0
2170,1
2171,0
2172,1
2173,0
2174,1
2175,0
2176,1
2177,1
2178,0
2179,0
2180,1
2181,0
2182,0
2183,0
2184,1
2185,0
2186,0
2187,0
2188,0
2189,0
2190,1
2191,1
2192,0
2193,1
2194,0
2195,0
2196,1
2197,0
2198,0
2199,0
2200,1
2201,0
2202,0
2203,0
2204,1
2205,1
2206,0
2207,1
2208,1
2209,1
2210,1
2211,0
2212,1
2213,1
2214,0
2215,0
2216,0
2217,1
2218,0
2219,1
2220,0
2221,1
2222,1
2223,0
2224,1
2225,1
2226,0
2227,0
2228,0
2229,0
2230,0
2231,0
2232,0
2233,0
2234,0
2235,1
2236,0
2237,1
2238,0
2239,0
2240,0
2241,0
2242,0
2243,0
2244,0
2245,0
2246,1
2247,0
2248,0
2249,0
2250,1
2251,0
2252,1
2253,0
2254,0
2255,0
2256,0
2257,0
2258,0
2259,0
2260,0
2261,0
2262,0
2263,0
2264,0
2265,0
2266,0
2267,1
2268,0
2269,0
2270,1
2271,1
2272,0
2273,0
2274,0
2275,1
2276,0
2277,1
2278,0
2279,0
2280,1
2281,0
2282,0
2283,0
2284,0
2285,0
2286,0
2287,1
2288,1
2289,0
2290,1
2291,0
2292,1
2293,0
2294,0
2295,0
2296,0
2297,0
2298,1
2299,0
2300,1
2301,0
2302,0
2303,0
2304,1
2305,1
2306,1
2307,0
2308,1
2309,1
2310,0
2311,1
2312,0
2313,0
2314,1
2315,1
2316,1
2317,0
2318,0
2319,0
2320,0
2321,1
2322,0
2323,1
2324,0
2325,0
2326,1
2327,1
2328,0
2329,0
2330,0
2331,1
2332,0
2333,1
2334,0
2335,0
2336,1
2337,1
2338,1
2339,0
2340,0
2341,1
2342,0
2343,1
2344,0
2345,1
2346,1
2347,1
2348,0
2349,1
2350,0
2351,0
2352,0
2353,1
2354,0
2355,0
2356,1
2357,0
2358,1
2359,1
2360,0
2361,0
2362,0
2363,1
2364,1
2365,0
2366,1
2367,0
2368,0
2369,0
2370,1
2371,0
2372,0
2373,1
2374,0
2375,1
2376,0
2377,0
2378,1
2379,0
2380,1
2381,0
2382,0
2383,1
2384,0
2385,0
2386,1
2387,1
2388,0
2389,0
2390,0
2391,0
2392,1
2393,0
2394,0
2395,1
2396,1
2397,1
2398,1
2399,1
2400,0
2401,1
2402,0
2403,0
2404,0
2405,1
2406,0
2407,0
2408,0
2409,1
2410,1
2411,0
2412,0
2413,0
2414,0
2415,0
2416,1
2417,1
2418,0
2419,0
2420,0
2421,0
2422,0
2423,0
2424,0
2425,1
2426,0
2427,0
2428,0
2429,0
2430,1
2431,1
2432,0
2433,0
2434,1
2435,1
2436,0
2437,0
2438,0
2439,0
2440,1
2441,0
2442,0
2443,0
2444,1
2445,0
2446,0
2447,0
2448,1
2449,0
2450,1
2451,1
2452,0
2453,1
2454,1
2455,0
2456,0
2457,0
2458,0
2459,1
2460,0
2461,1
2462,1
2463,1
2464,0
2465,1
2466,0
2467,0
2468,0
2469,1
2470,0
2471,0
2472,0
2473,1
2474,0
2475,0
2476,0
2477,1
2478,1
2479,1
2480,1
2481,0
2482,0
2483,0
2484,0
2485,0
2486,1
2487,0
2488,0
2489,1
2490,1
2491,0
2492,0
2493,0
2494,1
2495,1
2496,0
2497,1
2498,1
2499,0
2500,0
2501,0
2502,0
2503,0
2504,0
2505,0
2506,0
2507,0
2508,0
2509,1
2510,1
2511,1
2512,0
2513,0
2514,0
2515,0
2516,1
2517,0
2518,1
2519,0
2520,0
2521,0
2522,0
2523,1
2524,0
2525,0
2526,0
2527,0
2528,0
2529,0
2530,0
2531,0
2532,1
2533,1
2534,1
2535,1
2536,0
2537,0
2538,1
2539,0
2540,0
2541,1
2542,1
2543,0
2544,0
2545,0
2546,0
2547,0
2548,0
2549,0
2550,0
2551,0
2552,0
2553,0
2554,0
2555,0
2556,0
2557,0
2558,1
2559,0
2560,1
2561,1
2562,1
2563,1
2564,0
2565,0
2566,0
2567,0
2568,0
2569,0
2570,0
2571,0
2572,0
2573,1
2574,0
2575,0
2576,1
2577,0
2578,1
2579,0
2580,1
2581,0
2582,0
2583,0
2584,0
2585,0
2586,0
2587,1
2588,1
2589,0
2590,0
2591,0
2592,0
2593,0
2594,0
2595,0
2596,1
2597,0
2598,0
2599,0
2600,0
2601,0
2602,1
2603,0
2604,0
2605,0
2606,0
2607,0
2608,0
2609,1
2610,0
2611,0
2612,1
2613,0
2614,1
2615,0
2616,0
2617,0
2618,0
2619,0
2620,1
2621,0
2622,0
2623,0
2624,1
2625,1
2626,0
2627,0
2628,0
2629,1
2630,0
2631,0
2632,0
2633,1
2634,0
2635,0
2636,1
2637,0
2638,1
2639,0
2640,0
2641,1
2642,0
2643,1
2644,1
2645,0
2646,0
2647,0
2648,1
2649,0
2650,0
2651,0
2652,1
2653,0
2654,0
2655,0
2656,0
2657,0
2658,1
2659,0
2660,0
2661,1
2662,1
2663,0
2664,1
2665,0
2666,1
2667,0
2668,0
2669,1
2670,0
2671,1
2672,0
2673,0
2674,0
2675,0
2676,0
2677,0
2678,0
2679,0
2680,0
2681,0
2682,1
2683,0
2684,0
2685,1
2686,0
2687,0
2688,0
2689,0
2690,0
2691,0
2692,0
2693,1
2694,0
2695,1
2696,0
2697,0
2698,0
2699,0
2700,0
2701,0
2702,0
2703,1
2704,1
2705,0
2706,1
2707,0
2708,1
2709,0
2710,0
2711,0
2712,0
2713,0
2714,0
2715,0
2716,0
2717,1
2718,0
2719,0
2720,0
2721,1
2722,0
2723,0
2724,0
2725,1
2726,0
2727,1
2728,0
2729,1
2730,0
2731,0
2732,1
2733,0
2734,0
2735,1
2736,0
2737,0
2738,0
2739,0
2740,0
2741,1
2742,1
2743,0
2744,0
2745,0
2746,1
2747,1
2748,1
2749,0
2750,0
2751,0
2752,1
2753,0
2754,1
2755,1
2756,0
2757,1
2758,0
2759,0
2760,1
2761,0
2762,0
2763,1
2764,0
2765,0
2766,0
2767,0
2768,0
2769,0
2770,0
2771,1
2772,1
2773,1
2774,0
2775,0
2776,0
2777,0
2778,0
2779,0
2780,0
2781,0
2782,0
2783,0
2784,0
2785,1
2786,0
2787,0
2788,0
2789,0
2790,1
2791,0
2792,0
2793,1
2794,0
2795,0
2796,0
2797,0
2798,0
2799,0
2800,1
2801,1
2802,0
2803,1
2804,0
2805,1
2806,0
2807,1
2808,1
2809,0
2810,0
2811,1
2812,1
2813,0
2814,0
2815,0
2816,0
2817,0
2818,1
2819,0
2820,0
2821,0
2822,0
2823,0
2824,0
2825,0
2826,0
2827,0
2828,0
2829,1
2830,0
2831,0
2832,0
2833,1
2834,1
2835,0
2836,1
2837,1
2838,0
2839,1
2840,0
2841,0
2842,0
2843,0
2844,1
2845,0
2846,0
2847,1
2848,0
2849,0
2850,0
2851,0
2852,0
2853,0
2854,0
2855,0
2856,1
2857,1
2858,0
2859,1
2860,0
2861,0
2862,1
2863,0
2864,1
2865,0
2866,0
2867,0
2868,0
2869,0
2870,1
2871,1
2872,1
2873,1
2874,0
2875,0
2876,0
2877,1
2878,0
2879,1
2880,0
2881,0
2882,1
2883,1
2884,0
2885,0
2886,1
2887,0
2888,0
2889,0
2890,0
2891,0
2892,0
2893,0
2894,1
2895,0
2896,0
2897,1
2898,0
2899,1
2900,1
2901,0
2902,0
2903,0
2904,1
2905,0
2906,1
2907,1
2908,0
2909,0
2910,1
2911,1
2912,0
2913,0
2914,0
2915,0
2916,0
2917,1
2918,1
2919,0
2920,0
2921,1
2922,0
2923,1
2924,1
2925,1
2926,0
2927,1
2928,0
2929,1
2930,0
2931,1
2932,1
2933,1
2934,0
2935,0
2936,0
2937,1
2938,0
2939,0
2940,0
2941,1
2942,1
2943,0
2944,0
2945,0
2946,0
2947,0
2948,0
2949,1
2950,0
2951,0
2952,1
2953,0
2954,0
2955,1
2956,1
2957,1
2958,0
2959,1
2960,0
2961,0
2962,1
2963,0
2964,0
2965,1
2966,0
2967,0
2968,1
2969,0
2970,1
2971,0
2972,0
2973,0
2974,0
2975,0
2976,0
2977,0
2978,1
2979,1
2980,0
2981,0
2982,0
2983,0
2984,1
2985,0
2986,1
2987,1
2988,1
2989,0
2990,0
2991,0
2992,0
2993,0
2994,0
2995,1
2996,1
2997,1
2998,1
2999,0
3000,0
3001,0
3002,1
3003,0
3004,1
3005,0
3006,0
3007,0
3008,1
3009,0
3010,0
3011,0
3012,0
3013,1
3014,0
3015,0
3016,0
3017,0
3018,0
3019,0
3020,0
3021,0
3022,0
3023,1
3024,1
3025,0
3026,0
3027,0
3028,1
3029,0
3030,0
3031,0
3032,0
3033,1
3034,0
3035,1
3036,0
3037,1
3038,1
3039,0
3040,1
3041,1
3042,0
3043,1
3044,1
3045,1
3046,0
3047,1
3048,0
3049,0
3050,1
3051,0
3052,0
3053,0
3054,0
3055,0
3056,0
3057,0
3058,0
3059,0
3060,1
3061,0
3062,0
3063,0
3064,0
3065,1
3066,0
3067,1
3068,0
3069,0
3070,1
3071,1
3072,0
3073,1
3074,1
3075,1
3076,0
3077,0
3078,0
3079,0
3080,0
3081,1
3082,0
3083,0
3084,0
3085,0
3086,1
3087,0
3088,0
3089,1
3090,0
3091,0
3092,0
3093,0
3094,0
3095,0
3096,1
3097,1
3098,0
3099,1
3100,0
3101,0
3102,0
3103,0
3104,1
3105,1
3106,0
3107,1
3108,1
3109,1
3110,0
3111,1
3112,0
3113,0
3114,0
3115,0
3116,0
3117,1
3118,1
3119,0
3120,0
3121,0
3122,1
3123,0
3124,0
3125,0
3126,0
3127,0
3128,1
3129,0
3130,1
3131,0
3132,1
3133,0
3134,0
3135,0
3136,0
3137,0
3138,0
3139,0
3140,1
3141,0
3142,0
3143,0
3144,1
3145,0
3146,0
3147,1
3148,1
3149,0
3150,0
3151,0
3152,0
3153,0
3154,0
3155,1
3156,0
3157,0
3158,0
3159,0
3160,1
3161,0
3162,1
3163,0
3164,1
3165,0
3166,0
3167,0
3168,0
3169,1
3170,1
3171,0
3172,0
3173,0
3174,1
3175,1
3176,1
3177,0
3178,1
3179,0
3180,0
3181,0
3182,0
3183,0
3184,0
3185,0
3186,1
3187,0
3188,0
3189,1
3190,1
3191,0
3192,1
3193,0
3194,1
3195,0
3196,1
3197,1
3198,1
3199,0
3200,1
3201,1
3202,0
3203,0
3204,0
3205,0
3206,1
3207,1
3208,1
3209,0
3210,0
3211,0
3212,1
3213,0
3214,1
3215,1
3216,1
3217,1
3218,0
3219,1
3220,1
3221,1
3222,1
3223,1
3224,0
3225,0
3226,1
3227,1
3228,1
3229,1
3230,0
3231,0
3232,0
3233,0
3234,0
3235,0
3236,1
3237,0
3238,1
3239,0
3240,0
3241,0
3242,0
3243,0
3244,0
3245,0
3246,0
3247,1
3248,0
3249,0
3250,0
3251,0
3252,1
3253,0
3254,1
3255,0
3256,1
3257,0
3258,0
3259,0
3260,0
3261,0
3262,0
3263,1
3264,1
3265,0
3266,1
3267,0
3268,1
3269,0
3270,1
3271,1
3272,0
3273,0
3274,0
3275,0
3276,0
3277,1
3278,1
3279,1
3280,1
3281,0
3282,0
3283,1
3284,0
3285,0
3286,1
3287,0
3288,0
3289,0
3290,0
3291,1
3292,0
3293,0
3294,0
3295,0
3296,1
3297,1
3298,1
3299,0
3300,1
3301,0
3302,0
3303,1
3304,0
3305,0
3306,0
3307,0
3308,1
3309,0
3310,0
3311,0
3312,0
3313,0
3314,0
3315,0
3316,0
3317,1
3318,0
3319,1
3320,0
3321,0
3322,1
3323,0
3324,1
3325,0
3326,0
3327,0
3328,0
3329,1
3330,0
3331,0
3332,0
3333,1
3334,1
3335,0
3336,0
3337,0
3338,0
3339,0
3340,1
3341,0
3342,0
3343,0
3344,0
3345,0
3346,0
3347,0
3348,0
3349,0
3350,1
3351,0
3352,0
3353,0
3354,0
3355,0
3356,0
3357,1
3358,1
3359,1
3360,1
3361,0
3362,1
3363,0
3364,1
3365,0
3366,0
3367,0
3368,0
3369,0
3370,0
3371,1
3372,1
3373,0
3374,0
3375,1
3376,1
3377,0
3378,0
3379,0
3380,0
3381,0
3382,0
3383,0
3384,0
3385,0
3386,0
3387,0
3388,1
3389,1
3390,1
3391,0
3392,1
3393,1
3394,0
3395,0
3396,0
3397,0
3398,1
3399,0
3400,1
3401,0
3402,1
3403,1
3404,0
3405,1
3406,0
3407,0
3408,0
3409,0
3410,1
3411,0
3412,1
3413,0
3414,1
3415,0
3416,0
3417,1
3418,1
3419,0
3420,1
3421,1
3422,0
3423,1
3424,0
3425,1
3426,0
3427,0
3428,1
3429,0
3430,0
3431,1
3432,0
3433,0
3434,1
3435,0
3436,0
3437,1
3438,1
3439,0
3440,0
3441,0
3442,0
3443,0
3444,0
3445,1
3446,1
3447,0
3448,0
3449,0
3450,1
3451,0
3452,0
3453,1
3454,0
3455,0
3456,1
3457,0
3458,1
3459,0
3460,0
3461,0
3462,0
3463,0
3464,0
3465,0
3466,0
3467,1
3468,1
3469,0
3470,0
3471,0
3472,0
3473,0
3474,0
3475,0
3476,0
3477,1
3478,0
3479,0
3480,0
3481,0
3482,0
3483,0
3484,0
3485,0
3486,0
3487,0
3488,0
3489,0
3490,0
3491,0
3492,0
3493,0
3494,0
3495,0
3496,0
3497,1
3498,0
3499,1
3500,1
3501,0
3502,1
3503,0
3504,0
3505,0
3506,0
3507,0
3508,0
3509,0
3510,0
3511,1
3512,1
3513,0
3514,0
3515,0
3516,0
3517,1
3518,1
3519,1
3520,0
3521,0
3522,0
3523,0
3524,0
3525,0
3526,1
3527,1
3528,0
3529,0
3530,1
3531,0
3532,1
3533,0
3534,0
3535,0
3536,0
3537,0
3538,1
3539,0
3540,0
3541,0
3542,1
3543,0
3544,0
3545,0
3546,0
3547,0
3548,1
3549,0
3550,1
3551,0
3552,0
3553,0
3554,0
3555,0
3556,1
3557,0
3558,0
3559,0
3560,1
3561,1
3562,1
3563,0
3564,0
3565,0
3566,1
3567,1
3568,0
3569,1
3570,0
3571,1
3572,0
3573,1
3574,1
3575,0
3576,0
3577,0
3578,1
3579,1
3580,1
3581,1
3582,0
3583,1
3584,1
3585,0
3586,1
3587,0
3588,0
3589,0
3590,0
3591,0
3592,0
3593,1
3594,1
3595,0
3596,1
3597,1
3598,1
3599,1
3600,0
3601,0
3602,1
3603,0
3604,1
3605,0
3606,1
3607,0
3608,1
3609,0
3610,0
3611,0
3612,0
3613,0
3614,0
3615,0
3616,1
3617,0
3618,0
3619,1
3620,0
3621,0
3622,1
3623,0
3624,1
3625,1
3626,0
3627,1
3628,1
3629,0
3630,0
3631,1
3632,0
3633,0
3634,1
3635,0
3636,0
3637,1
3638,1
3639,1
3640,0
3641,0
3642,0
3643,0
3644,1
3645,1
3646,0
3647,0
3648,1
3649,0
3650,1
3651,0
3652,0
3653,0
3654,0
3655,1
3656,0
3657,0
3658,0
3659,0
3660,0
3661,0
3662,0
3663,1
3664,0
3665,1
3666,1
3667,1
3668,0
3669,0
3670,0
3671,0
3672,0
3673,0
3674,0
3675,0
3676,1
3677,1
3678,1
3679,1
3680,0
3681,0
3682,0
3683,0
3684,0
3685,0
3686,1
3687,0
3688,1
3689,1
3690,0
3691,1
3692,0
3693,0
3694,1
3695,0
3696,0
3697,0
3698,0
3699,0
3700,1
3701,0
3702,1
3703,0
3704,0
3705,0
3706,0
3707,0
3708,0
3709,0
3710,0
3711,1
3712,0
3713,0
3714,0
3715,0
3716,1
3717,0
3718,1
3719,1
3720,0
3721,0
3722,0
3723,0
3724,0
3725,1
3726,0
3727,0
3728,1
3729,1
3730,0
3731,0
3732,1
3733,1
3734,1
3735,1
3736,0
3737,1
3738,0
3739,0
3740,0
3741,0
3742,1
3743,0
3744,0
3745,0
3746,1
3747,1
3748,0
3749,1
3750,0
3751,0
3752,0
3753,1
3754,0
3755,1
3756,0
3757,0
3758,0
3759,1
3760,0
3761,0
3762,0
3763,0
3764,0
3765,0
3766,0
3767,0
3768,1
3769,0
3770,1
3771,0
3772,0
3773,0
3774,1
3775,0
3776,0
3777,0
3778,0
3779,0
3780,0
3781,0
3782,0
3783,0
3784,1
3785,0
3786,1
3787,0
3788,0
3789,0
3790,1
3791,0
3792,0
3793,1
3794,1
3795,1
3796,0
3797,0
3798,0
3799,0
3800,0
3801,0
3802,0
3803,1
3804,0
3805,0
3806,0
3807,0
3808,1
3809,1
3810,0
3811,1
3812,0
3813,0
3814,0
3815,0
3816,0
3817,1
3818,0
3819,0
3820,0
3821,0
3822,1
3823,1
3824,1
3825,0
3826,0
3827,1
3828,1
3829,0
3830,0
3831,0
3832,0
3833,1
3834,1
3835,0
3836,0
3837,0
3838,0
3839,0
3840,1
3841,0
3842,0
3843,1
3844,0
3845,1
3846,1
3847,0
3848,0
3849,0
3850,0
3851,0
3852,0
3853,1
3854,1
3855,1
3856,0
3857,0
3858,0
3859,0
3860,1
3861,1
3862,0
3863,0
3864,0
3865,0
3866,0
3867,0
3868,0
3869,0
3870,0
3871,1
3872,0
3873,0
3874,1
3875,0
3876,1
3877,0
3878,0
3879,0
3880,0
3881,0
3882,0
3883,0
3884,0
3885,0
3886,1
3887,0
3888,0
3889,1
3890,0
3891,0
3892,0
3893,1
3894,1
3895,1
3896,0
3897,0
3898,1
3899,0
3900,1
3901,1
3902,1
3903,0
3904,0
3905,0
3906,0
3907,1
3908,0
3909,0
3910,1
3911,1
3912,1
3913,0
3914,0
3915,0
3916,0
3917,1
3918,1
3919,0
3920,0
3921,0
3922,0
3923,1
3924,1
3925,1
3926,0
3927,1
3928,0
3929,1
3930,0
3931,1
3932,1
3933,0
3934,0
3935,1
3936,1
3937,0
3938,1
3939,1
3940,1
3941,0
3942,0
3943,0
3944,0
3945,0
3946,0
3947,0
3948,0
3949,0
3950,0
3951,0
3952,1
3953,0
3954,0
3955,0
3956,0
3957,0
3958,0
3959,1
3960,0
3961,0
3962,0
3963,0
3964,1
3965,0
3966,0
3967,0
3968,0
3969,0
3970,0
3971,0
3972,0
3973,0
3974,0
3975,0
3976,0
3977,0
3978,0
3979,1
3980,1
3981,0
3982,0
3983,1
3984,1
3985,1
3986,1
3987,0
3988,1
3989,0
3990,1
3991,0
3992,0
3993,0
3994,0
3995,0
3996,1
3997,1
3998,0
3999,1
4000,1
4001,0
4002,1
4003,0
4004,0
4005,0
4006,1
4007,0
4008,1
4009,0
4010,0
4011,0
4012,0
4013,0
4014,1
4015,0
4016,1
4017,0
4018,0
4019,0
4020,0
4021,0
4022,1
4023,0
4024,1
4025,0
4026,1
4027,0
4028,0
4029,0
4030,0
4031,0
4032,0
4033,0
4034,0
4035,1
4036,1
4037,1
4038,0
4039,0
4040,0
4041,1
4042,1
4043,0
4044,0
4045,0
4046,0
4047,1
4048,0
4049,0
4050,1
4051,0
4052,0
4053,0
4054,0
4055,0
4056,1
4057,0
4058,0
4059,0
4060,0
4061,1
4062,0
4063,1
4064,0
4065,0
4066,0
4067,0
4068,1
4069,1
4070,1
4071,0
4072,0
4073,1
4074,0
4075,0
4076,1
4077,0
4078,0
4079,0
4080,0
4081,0
4082,0
4083,1
4084,0
4085,1
4086,0
4087,0
4088,1
4089,1
4090,0
4091,1
4092,1
4093,0
4094,0
4095,1
4096,0
4097,0
4098,0
4099,0
4100,1
4101,0
4102,1
4103,0
4104,0
4105,0
4106,0
4107,1
4108,1
4109,0
4110,1
4111,0
4112,1
4113,0
4114,0
4115,0
4116,0
4117,0
4118,0
4119,1
4120,0
4121,0
4122,0
4123,0
4124,0
4125,0
4126,0
4127,0
4128,0
4129,1
4130,0
4131,1
4132,0
4133,1
4134,0
4135,0
4136,0
4137,1
4138,0
4139,0
4140,0
4141,0
4142,1
4143,1
4144,1
4145,0
4146,1
4147,0
4148,0
4149,1
4150,0
4151,0
4152,0
4153,1
4154,0
4155,0
4156,0
4157,0
4158,0
4159,1
4160,0
4161,0
4162,0
4163,0
4164,0
4165,1
4166,1
4167,0
4168,1
4169,0
4170,1
4171,0
4172,0
4173,0
4174,0
4175,0
4176,1
4177,0
4178,0
4179,1
4180,0
4181,0
4182,0
4183,0
4184,0
4185,0
4186,0
4187,0
4188,0
4189,1
4190,1
4191,1
4192,0
4193,0
4194,0
4195,1
4196,1
4197,0
4198,1
4199,1
4200,0
4201,1
4202,0
4203,0
4204,0
4205,0
4206,1
4207,0
4208,0
4209,0
4210,0
4211,0
4212,1
4213,1
4214,1
4215,0
4216,0
4217,1
4218,0
4219,0
4220,0
4221,0
4222,0
4223,0
4224,0
4225,0
4226,0
4227,0
4228,0
4229,0
4230,1
4231,0
4232,0
4233,1
4234,0
4235,1
4236,1
4237,1
4238,0
4239,1
4240,1
4241,1
4242,0
4243,0
4244,0
4245,1
4246,0
4247,0
4248,0
4249,1
4250,0
4251,1
4252,0
4253,1
4254,1
4255,1
4256,0
4257,1
4258,0
4259,0
4260,0
4261,0
4262,0
4263,1
4264,1
4265,0
4266,1
4267,1
4268,0
4269,1
4270,0
4271,0
4272,0
4273,0
4274,0
4275,1
4276,1
4277,0
4278,1
4279,0
4280,0
4281,0
4282,1
4283,0
4284,0
4285,0
4286,1
4287,0
4288,0
4289,0
4290,1
4291,1
4292,1
4293,0
4294,0
4295,0
4296,1
4297,1
4298,0
4299,0
4300,0
4301,0
4302,0
4303,0
4304,0
4305,0
4306,1
4307,0
4308,0
4309,0
4310,0
4311,0
4312,0
4313,0
4314,0
4315,0
4316,1
4317,0
4318,0
4319,1
4320,0
4321,0
4322,0
4323,1
4324,1
4325,0
4326,0
4327,0
4328,1
4329,0
4330,0
4331,1
4332,0
4333,0
4334,1
4335,1
4336,0
4337,0
4338,0
4339,0
4340,0
4341,1
4342,0
4343,1
4344,0
4345,0
4346,0
4347,1
4348,0
4349,0
4350,1
4351,1
4352,0
4353,0
4354,1
4355,0
4356,0
4357,0
4358,1
4359,0
4360,1
4361,1
4362,0
4363,0
4364,0
4365,0
4366,1
4367,0
4368,0
4369,0
4370,0
4371,0
4372,0
4373,0
4374,0
4375,0
4376,0
4377,0
4378,0
4379,0
4380,0
4381,1
4382,0
4383,0
4384,1
4385,0
4386,1
4387,0
4388,0
4389,1
4390,0
4391,0
4392,0
4393,0
4394,1
4395,1
4396,0
4397,1
4398,1
4399,1
4400,1
4401,0
4402,1
4403,0
4404,0
4405,0
4406,0
4407,1
4408,1
4409,0
4410,0
4411,1
4412,0
4413,0
4414,0
4415,1
4416,0
4417,0
4418,1
4419,0
4420,0
4421,0
4422,0
4423,0
4424,0
4425,0
4426,0
4427,1
4428,1
4429,0
4430,0
4431,1
4432,0
4433,0
4434,0
4435,1
4436,1
4437,0
4438,1
4439,0
4440,0
4441,0
4442,1
4443,0
4444,1
4445,0
4446,1
4447,0
4448,0
4449,0
4450,0
4451,0
4452,0
4453,0
4454,0
4455,0
4456,0
4457,0
4458,1
4459,1
4460,0
4461,0
4462,0
4463,1
4464,0
4465,0
4466,0
4467,1
4468,1
4469,0
4470,1
4471,0
4472,0
4473,0
4474,0
4475,1
4476,0
4477,1
4478,0
4479,0
4480,1
4481,1
4482,1
4483,0
4484,1
4485,0
4486,0
4487,0
4488,0
4489,1
4490,0
4491,0
4492,0
4493,0
4494,0
4495,1
4496,1
4497,1
4498,0
4499,0
4500,0
4501,0
4502,0
4503,0
4504,1
4505,0
4506,0
4507,1
4508,0
4509,0
4510,0
4511,0
4512,0
4513,0
4514,0
4515,0
4516,1
4517,0
4518,1
4519,0
4520,0
4521,1
4522,0
4523,1
4524,0
4525,0
4526,1
4527,1
4528,0
4529,0
4530,1
4531,1
4532,0
4533,0
4534,0
4535,1
4536,0
4537,1
4538,0
4539,1
4540,0
4541,0
4542,0
4543,1
4544,0
4545,1
4546,0
4547,1
4548,0
4549,0
4550,1
4551,0
4552,0
4553,0
4554,0
4555,1
4556,0
4557,0
4558,0
4559,0
4560,0
4561,1
4562,0
4563,1
4564,0
4565,1
4566,0
4567,0
4568,1
4569,0
4570,1
4571,1
4572,0
4573,0
4574,1
4575,1
4576,0
4577,1
4578,0
4579,0
4580,0
4581,1
4582,1
4583,1
4584,0
4585,0
4586,1
4587,1
4588,0
4589,0
4590,1
4591,0
4592,0
4593,1
4594,0
4595,0
4596,0
4597,0
4598,1
4599,0
4600,0
4601,0
4602,1
4603,1
4604,1
4605,0
4606,0
4607,0
4608,0
4609,0
4610,0
4611,1
4612,1
4613,0
4614,1
4615,1
4616,0
4617,0
4618,0
4619,0
4620,0
4621,0
4622,0
4623,0
4624,0
4625,0
4626,0
4627,1
4628,0
4629,0
4630,0
4631,0
4632,1
4633,0
4634,1
4635,0
4636,0
4637,0
4638,1
4639,0
4640,1
4641,0
4642,0
4643,0
4644,1
4645,1
4646,0
4647,0
4648,0
4649,1
4650,0
4651,0
4652,0
4653,1
4654,1
4655,1
4656,0
4657,1
4658,0
4659,0
4660,1
4661,0
4662,1
4663,1
4664,1
4665,0
4666,0
4667,1
4668,0
4669,1
4670,0
4671,1
4672,0
4673,0
4674,0
4675,0
4676,1
4677,1
4678,0
4679,0
4680,0
4681,0
4682,0
4683,0
4684,1
4685,1
4686,0
4687,1
4688,0
4689,0
4690,1
4691,0
4692,1
4693,1
4694,0
4695,1
4696,1
4697,0
4698,0
4699,0
4700,0
4701,0
4702,1
4703,0
4704,0
4705,1
4706,0
4707,0
4708,1
4709,0
4710,1
4711,0
4712,1
4713,0
4714,0
4715,1
4716,1
4717,0
4718,1
4719,0
4720,0
4721,0
4722,0
4723,1
4724,0
4725,0
4726,1
4727,0
4728,0
4729,0
4730,0
4731,1
4732,1
4733,1
4734,0
4735,0
4736,0
4737,1
4738,1
4739,1
4740,0
4741,0
4742,1
4743,1
4744,0
4745,1
4746,1
4747,0
4748,0
4749,1
4750,0
4751,0
4752,1
4753,0
4754,0
4755,1
4756,0
4757,1
4758,1
4759,0
4760,1
4761,0
4762,0
4763,1
4764,1
4765,0
4766,0
4767,0
4768,0
4769,0
4770,0
4771,1
4772,0
4773,0
4774,0
4775,0
4776,0
4777,0
4778,1
4779,0
4780,0
4781,0
4782,1
4783,0
4784,1
4785,0
4786,0
4787,0
4788,0
4789,0
4790,0
4791,0
4792,0
4793,0
4794,1
4795,0
4796,1
4797,0
4798,1
4799,1
4800,0
4801,0
4802,0
4803,0
4804,0
4805,0
4806,0
4807,0
4808,0
4809,0
4810,1
4811,0
4812,0
4813,0
4814,0
4815,1
4816,0
4817,0
4818,1
4819,0
4820,1
4821,1
4822,0
4823,0
4824,0
4825,0
4826,0
4827,0
4828,0
4829,0
4830,1
4831,0
4832,1
4833,0
4834,1
4835,0
4836,0
4837,1
4838,0
4839,1
4840,1
4841,0
4842,1
4843,0
4844,1
4845,1
4846,1
4847,1
4848,0
4849,0
4850,0
4851,0
4852,0
4853,0
4854,0
4855,0
4856,1
4857,1
4858,0
4859,0
4860,1
4861,0
4862,0
4863,0
4864,0
4865,0
4866,1
4867,0
4868,0
4869,0
4870,1
4871,0
4872,0
4873,0
4874,0
4875,0
4876,0
4877,0
4878,0
4879,0
4880,0
4881,1
4882,0
4883,0
4884,0
4885,0
4886,0
4887,0
4888,0
4889,0
4890,0
4891,0
4892,0
4893,1
4894,0
4895,1
4896,0
4897,0
4898,1
4899,0
4900,0
4901,0
4902,1
4903,0
4904,0
4905,1
4906,0
4907,0
4908,0
4909,1
4910,0
4911,1
4912,0
4913,0
4914,0
4915,0
4916,0
4917,0
4918,0
4919,0
4920,0
4921,0
4922,0
4923,0
4924,0
4925,0
4926,1
4927,0
4928,0
4929,0
4930,0
4931,0
4932,0
4933,0
4934,0
4935,1
4936,1
4937,0
4938,1
4939,0
4940,0
4941,1
4942,0
4943,0
4944,0
4945,0
4946,0
4947,0
4948,0
4949,1
4950,0
4951,0
4952,1
4953,0
4954,1
4955,1
4956,1
4957,0
4958,1
4959,1
4960,0
4961,0
4962,0
4963,0
4964,0
4965,0
4966,0
4967,0
4968,0
4969,0
4970,1
4971,0
4972,0
4973,0
4974,0
4975,0
4976,0
4977,0
4978,1
4979,0
4980,0
4981,0
4982,0
4983,1
4984,1
4985,0
4986,1
4987,0
4988,0
4989,0
4990,0
4991,0
4992,0
4993,0
4994,1
4995,1
4996,1
4997,1
4998,0
4999,0
5000,0
5001,0
5002,0
5003,1
5004,1
5005,1
5006,0
5007,0
5008,0
5009,1
5010,0
5011,0
5012,0
5013,1
5014,1
5015,1
5016,0
5017,1
5018,0
5019,1
5020,0
5021,0
5022,1
5023,0
5024,1
5025,0
5026,0
5027,0
5028,0
5029,0
5030,0
5031,0
5032,0
5033,1
5034,1
5035,0
5036,0
5037,0
5038,0
5039,0
5040,1
5041,0
5042,0
5043,1
5044,1
5045,0
5046,0
5047,1
5048,1
5049,1
5050,0
5051,1
5052,1
5053,0
5054,0
5055,1
5056,0
5057,0
5058,0
5059,0
5060,0
5061,1
5062,1
5063,1
5064,1
5065,0
5066,1
5067,1
5068,1
5069,0
5070,0
5071,0
5072,1
5073,1
5074,0
5075,1
5076,1
5077,1
5078,0
5079,1
5080,0
5081,0
5082,1
5083,0
5084,0
5085,0
5086,0
5087,0
5088,0
5089,0
5090,0
5091,1
5092,0
5093,0
5094,0
5095,1
5096,0
5097,0
5098,0
5099,1
5100,0
5101,1
5102,0
5103,0
5104,0
5105,0
5106,1
5107,0
5108,0
5109,0
5110,0
5111,0
5112,0
5113,1
5114,0
5115,0
5116,0
5117,0
5118,1
5119,0
5120,1
5121,1
5122,0
5123,1
5124,0
5125,0
5126,0
5127,1
5128,0
5129,0
5130,1
5131,0
5132,0
5133,1
5134,1
5135,0
5136,1
5137,0
5138,0
5139,0
5140,0
5141,0
5142,1
5143,0
5144,1
5145,1
5146,1
5147,0
5148,1
5149,0
5150,0
5151,0
5152,0
5153,0
5154,1
5155,1
5156,0
5157,0
5158,0
5159,1
5160,1
5161,0
5162,1
5163,0
5164,1
5165,0
5166,0
5167,1
5168,1
5169,0
5170,0
5171,0
5172,1
5173,0
5174,0
5175,0
5176,0
5177,1
5178,0
5179,0
5180,0
5181,0
5182,0
5183,0
5184,1
5185,0
5186,0
5187,0
5188,0
5189,0
5190,0
5191,1
5192,1
5193,0
5194,1
5195,0
5196,0
5197,1
5198,0
5199,0
5200,1
5201,1
5202,1
5203,1
5204,1
5205,0
5206,0
5207,0
5208,0
5209,0
5210,0
5211,0
5212,0
5213,0
5214,1
5215,0
5216,1
5217,1
5218,1
5219,0
5220,0
5221,1
5222,0
5223,1
5224,1
5225,1
5226,0
5227,1
5228,1
5229,0
5230,1
5231,1
5232,0
5233,0
5234,0
5235,1
5236,0
5237,0
5238,1
5239,0
5240,1
5241,0
5242,0
5243,1
5244,0
5245,1
5246,0
5247,0
5248,0
5249,1
5250,0
5251,1
5252,0
5253,0
5254,0
5255,0
5256,0
5257,0
5258,0
5259,0
5260,0
5261,0
5262,1
5263,0
5264,0
5265,0
5266,0
5267,0
5268,0
5269,0
5270,0
5271,0
5272,0
5273,1
5274,0
5275,1
5276,1
5277,0
5278,0
5279,0
5280,0
5281,0
5282,0
5283,0
5284,0
5285,1
5286,0
5287,0
5288,0
5289,0
5290,0
5291,0
5292,0
5293,0
5294,0
5295,0
5296,1
5297,0
5298,0
5299,1
5300,0
5301,0
5302,0
5303,0
5304,0
5305,0
5306,0
5307,0
5308,1
5309,1
5310,0
5311,0
5312,0
5313,0
5314,0
5315,1
5316,0
5317,0
5318,0
5319,0
5320,0
5321,0
5322,1
5323,1
5324,0
5325,0
5326,0
5327,0
5328,0
5329,0
5330,0
5331,1
5332,1
5333,0
5334,1
5335,0
5336,0
5337,0
5338,0
5339,0
5340,0
5341,1
5342,0
5343,0
5344,0
5345,0
5346,1
5347,0
5348,1
5349,0
5350,0
5351,0
5352,0
5353,1
5354,0
5355,0
5356,0
5357,0
5358,0
5359,0
5360,1
5361,1
5362,1
5363,0
5364,1
5365,0
5366,0
5367,1
5368,0
5369,0
5370,0
5371,0
5372,0
5373,0
5374,1
5375,0
5376,0
5377,0
5378,0
5379,1
5380,0
5381,0
5382,0
5383,0
5384,0
5385,1
5386,0
5387,0
5388,0
5389,0
5390,1
5391,1
5392,0
5393,1
5394,0
5395,1
5396,0
5397,0
5398,0
5399,0
5400,0
5401,0
5402,0
5403,0
5404,0
5405,0
5406,1
5407,0
5408,0
5409,1
5410,0
5411,1
5412,1
5413,0
5414,0
5415,1
5416,0
5417,0
5418,0
5419,1
5420,1
5421,0
5422,0
5423,0
5424,1
5425,0
5426,1
5427,0
5428,0
5429,1
5430,0
5431,0
5432,1
5433,0
5434,1
5435,1
5436,0
5437,0
5438,0
5439,1
5440,1
5441,1
5442,1
5443,1
5444,0
5445,0
5446,0
5447,1
5448,0
5449,1
5450,0
5451,0
5452,0
5453,0
5454,0
5455,0
5456,1
5457,0
5458,1
5459,1
5460,0
5461,0
5462,0
5463,0
5464,1
5465,0
5466,1
5467,0
5468,1
5469,0
5470,0
5471,0
5472,0
5473,0
5474,0
5475,0
5476,0
5477,0
5478,0
5479,0
5480,0
5481,0
5482,0
5483,0
5484,0
5485,1
5486,0
5487,0
5488,1
5489,0
5490,0
5491,1
5492,1
5493,1
5494,0
5495,0
5496,0
5497,1
5498,0
5499,0
5500,0
5501,0
5502,1
5503,0
5504,0
5505,0
5506,0
5507,0
5508,0
5509,1
5510,0
5511,0
5512,0
5513,0
5514,0
5515,1
5516,0
5517,0
5518,1
5519,0
5520,1
5521,1
5522,0
5523,1
5524,0
5525,0
5526,0
5527,0
5528,0
5529,0
5530,1
5531,0
5532,0
5533,0
5534,1
5535,1
5536,0
5537,1
5538,0
5539,0
5540,1
5541,0
5542,0
5543,1
5544,0
5545,0
5546,0
5547,0
5548,0
5549,0
5550,0
5551,0
5552,1
5553,0
5554,1
5555,1
5556,1
5557,0
5558,1
5559,0
5560,0
5561,1
5562,0
5563,0
5564,0
5565,0
5566,1
5567,0
5568,0
5569,1
5570,0
5571,0
5572,0
5573,1
5574,1
5575,0
5576,0
5577,1
5578,1
5579,0
5580,1
5581,0
5582,0
5583,0
5584,0
5585,0
5586,1
5587,0
5588,0
5589,0
5590,0
5591,0
5592,1
5593,0
5594,1
5595,0
5596,0
5597,1
5598,1
5599,0
5600,0
5601,0
5602,1
5603,1
5604,1
5605,0
5606,0
5607,0
5608,0
5609,0
5610,0
5611,1
5612,0
5613,0
5614,1
5615,0
5616,0
5617,0
5618,1
5619,0
5620,0
5621,0
5622,0
5623,0
5624,0
5625,0
5626,1
5627,1
5628,1
5629,0
5630,0
5631,0
5632,0
5633,1
5634,0
5635,1
5636,0
5637,0
5638,1
5639,1
5640,0
5641,1
5642,1
5643,0
5644,1
5645,1
5646,0
5647,0
5648,0
5649,0
5650,0
5651,0
5652,0
5653,0
5654,0
5655,1
5656,1
5657,0
5658,0
5659,1
5660,0
5661,0
5662,1
5663,0
5664,0
5665,0
5666,0
5667,1
5668,1
5669,0
5670,0
5671,0
5672,1
5673,0
5674,1
5675,1
5676,0
5677,1
5678,0
5679,1
5680,1
5681,1
5682,0
5683,0
5684,1
5685,0
5686,0
5687,1
5688,0
5689,0
5690,1
5691,0
5692,0
5693,0
5694,0
5695,0
5696,1
5697,0
5698,1
5699,0
5700,0
5701,0
5702,1
5703,0
5704,1
5705,0
5706,0
5707,0
5708,1
5709,0
5710,0
5711,1
5712,0
5713,1
5714,1
5715,1
5716,1
5717,1
5718,0
5719,0
5720,0
5721,0
5722,1
5723,1
5724,0
5725,0
5726,0
5727,0
5728,1
5729,1
5730,0
5731,1
5732,0
5733,0
5734,0
5735,1
5736,1
5737,1
5738,0
5739,1
5740,0
5741,1
5742,0
5743,0
5744,0
5745,0
5746,0
5747,0
5748,0
5749,0
5750,0
5751,0
5752,0
5753,0
5754,1
5755,0
5756,1
5757,0
5758,1
5759,0
5760,1
5761,0
5762,0
5763,1
5764,0
5765,0
5766,0
5767,0
5768,0
5769,1
5770,1
5771,1
5772,0
5773,0
5774,0
5775,1
5776,0
5777,1
5778,1
5779,1
5780,0
5781,0
5782,0
5783,0
5784,1
5785,0
5786,0
5787,0
5788,1
5789,0
5790,0
5791,0
5792,0
5793,1
5794,1
5795,0
5796,0
5797,0
5798,0
5799,0
5800,1
5801,0
5802,0
5803,1
5804,1
5805,0
5806,1
5807,0
5808,1
5809,0
5810,0
5811,0
5812,0
5813,0
5814,1
5815,0
5816,0
5817,1
5818,0
5819,1
5820,0
5821,0
5822,0
5823,1
5824,0
5825,1
5826,0
5827,0
5828,0
5829,0
5830,1
5831,0
5832,0
5833,0
5834,0
5835,0
5836,0
5837,1
5838,0
5839,0
5840,0
5841,1
5842,0
5843,0
5844,0
5845,0
5846,0
5847,1
5848,1
5849,0
5850,0
5851,0
5852,0
5853,0
5854,1
5855,0
5856,0
5857,0
